Mach Virtual Memory Statistics: (page size of 4096 bytes)
    free   active   specul inactive throttle    wired  prgable   faults     copy    0fill reactive   purged file-backed anonymous cmprssed cmprssor  dcomprs   comprs  pageins  pageout  swapins swapouts
   35112   578722     3462   548286        0   472075    31595  871010K 30536859  404516K 69498838 13800448      265319    865151  1515545   459405 75671413  101036K 29614107   570686 24682180 25963523 
   34524   578651     3549   548283        0   472527    31586     3474      159      466        1        0      265413    865070  1515541   459405        4        0        0        0        0        0 
   34189   578763     3505   548323        0   472767    32688      319        0      255        0        0      265411    865180  1515537   459405        4        0        1        0        0        0 
   34006   578879     3579   548287        0   472687    32665      180        0      132        0        2      265460    865285  1515531   459405        6        0        4        0        0        0 
   33926   578983     3603   548286        0   472607    32873       94        0       80        0        0      265485    865387  1515524   459405        7        0        4        0        0        0 
   33539   579417     3522   548372        0   472745    32872     2111      170      559        0        0      265490    865821  1515493   459405        0        0        0        0        0        0 
   33415   579449     3522   548365        0   472738    32874      175        0      150        0        0      265490    865846  1515493   459405        0        0        0        0        0        0 
   33190   579386     3608   548369        0   472818    32862      158        0      139        0        0      265582    865781  1515486   459405        7        0        0        0        0        0 
   34625   579396     3609   548424        0   471374    32829      160        0      117        0        0      265638    865791  1515481   459405        5        0        0        0        0        0 
   34439   579415     3538   548361        0   471734    32862      255        0      234        0        0      265504    865810  1515475   459405        6        0        0        0        0        0 
   34358   579409     3428   548360        0   471735    32843      184        1      173        1        0      265394    865803  1515475   459405        0        0        0        0        0        0 
   32240   579476     3502   548210        0   473975    32632     2872      100      681        0        0      265468    865720  1515464   459405       11        0        0        0        0        0 
   32003   579400     3506   548273        0   474180    32598      720       69      371        0        0      265525    865654  1515324   459405      140        0        0        0        0        0 
   28957   581215     3542   548614        0   475204    31411     5327       41     2590        0        0      265510    867861  1515223   459373      100        0        0        0        0        0 
   29458   581189     3527   548608        0   474648    32693      613        0      273        0        0      265498    867826  1515219   459373        4        0        1        0        0        0 
   27903   582628     3651   548619        0   474846    32749     8045      358     1655        0        0      265694    869204  1515079   459357      140        0      115        0        0        0 
   19825   588023     4433   548649        0   477311    32746    12496      337     4832        0        0      266647    874458  1512665   458803     2404        0      619        0       64        0 
   19544   588110     4509   548649        0   477172    32765      203        0      182        0        0      266723    874545  1512659   458803        6        0        0        0        0        0 
   18820   588100     4517   548639        0   478114    32606     1718        0     1512        0        0      266723    874533  1512637   458787       22        0       40        0        0        0 
   19284   587497     4583   548638        0   478116    32784      608        4      242        0        0      266789    873929  1512605   458787       32        0       29        0        0        0 
   19121   587599     4590   548629        0   478099    32781     2030        0     2052        0        0      266797    874021  1512590   458787       15        0        0        0        0        0 



// si and so are equivalent to swapins and swapouts (last two columns)